1311868164.363181 -0.0000000 -0.0000000 -0.0000000 0.0000000 0.0000000 0.0000000 1.0000000
1311868164.698987 0.0315362 0.0027119 -0.0639665 -0.0048835 0.0005899 -0.0131837 0.9999010
1311868165.363060 0.1941331 -0.0006118 -0.1650413 0.0029027 -0.0249683 -0.0375571 0.9989783
1311868166.031204 0.3420587 -0.0049068 -0.2874970 -0.0334331 -0.0048178 -0.0267086 0.9990724
1311868166.699270 0.4377857 -0.0417345 -0.4400612 -0.1045884 0.0105626 -0.0099557 0.9944097
1311868167.363275 0.2286809 0.0991958 -0.5938213 -0.0566190 0.0455174 -0.0670240 0.9951031
1311868168.031266 1.1475830 -0.3417955 -0.4611626 -0.1457129 -0.1278418 -0.0278385 0.9806371
1311868168.699557 1.0671077 -0.3553620 -0.2744266 -0.1177377 -0.1330142 -0.0379926 0.9833624
1311868169.299529 0.9183217 -0.3990020 -0.1288209 -0.0832377 -0.1612832 -0.0751814 0.9805136
1311868169.631327 0.8120199 -0.2217878 -0.1108952 0.0135092 -0.1729315 -0.1342675 0.9756457
1311868170.299432 0.9484913 -0.2927314 -0.1064941 0.0280842 -0.2031506 -0.1125004 0.9722576
1311868170.963440 1.1317539 -0.2629817 -0.2092855 0.0071836 -0.2122735 -0.1273089 0.9688554
1311868171.631528 1.3094195 -0.2381578 -0.2163832 0.0031740 -0.2479118 -0.1610314 0.9553002
1311868172.299544 1.5436394 -0.2249958 -0.1287151 -0.0390593 -0.2657043 -0.1850329 0.9453245
1311868172.963571 1.7229319 -0.2971833 0.0826072 -0.1226320 -0.2599724 -0.2052180 0.9355540
1311868173.631603 1.7528361 -0.3666304 0.2553404 -0.1160535 -0.2632682 -0.2091394 0.9346027
1311868174.099508 1.7707878 -0.3954222 0.3281819 -0.0780450 -0.3118455 -0.2445976 0.9147860
1311868174.731625 1.8796713 -0.5044191 0.4520324 -0.0678479 -0.3608149 -0.2533900 0.8949876
1311868174.899678 1.8678987 -0.5255598 0.4754345 -0.0516765 -0.3652224 -0.2473149 0.8959785
1311868175.400048 1.7817099 -0.6207437 0.5622878 0.0192659 -0.3810550 -0.2188871 0.8980615
1311868175.999870 1.7974640 -0.7506354 0.7058585 0.0550389 -0.4326373 -0.2013814 0.8770640
1311868176.067949 1.8053349 -0.7608619 0.7248697 0.0565205 -0.4418873 -0.2101655 0.8702710
1311868176.731819 1.9617355 -0.8264704 0.9657232 0.0173457 -0.4787873 -0.2490869 0.8416755
1311868177.399987 1.9228215 -0.9005642 1.1311748 0.0140818 -0.4698790 -0.2689218 0.8406524
1311868178.068015 1.9578888 -0.9202353 1.3138927 -0.0089817 -0.5045348 -0.3025677 0.8085893
1311868178.199855 1.9840336 -0.9398115 1.3507133 -0.0093030 -0.5196419 -0.3185104 0.7927400
1311868178.400074 2.0317335 -0.9478344 1.3930970 -0.0072837 -0.5276607 -0.3300779 0.7826684
1311868179.067847 2.2473898 -0.9321581 1.3920208 -0.0321541 -0.5491444 -0.3223910 0.7703704
1311868179.467999 2.4193134 -0.9083086 1.3719641 -0.0517549 -0.5385610 -0.3313946 0.7729496
1311868179.932050 2.5829399 -0.9223393 1.3846366 -0.0610246 -0.5241485 -0.3423213 0.7774062
1311868179.968012 2.5949569 -0.9261153 1.4031093 -0.0607079 -0.5279290 -0.3425736 0.7747573
1311868179.999962 2.6027248 -0.9269666 1.4008746 -0.0603877 -0.5298350 -0.3443172 0.7727056
1311868180.668185 2.7764328 -0.9535383 1.5317621 -0.0870468 -0.5592731 -0.3598901 0.7416978
1311868181.332051 2.8017573 -1.0244511 1.6394405 -0.0855413 -0.5482872 -0.3534056 0.7531058
1311868182.000232 2.6066856 -1.0847852 1.7372941 -0.0843330 -0.5388727 -0.3548755 0.7593204
1311868182.668039 2.3281851 -1.1635749 1.8475797 -0.0681370 -0.5514998 -0.3366229 0.7601910
1311868183.068333 2.1497726 -1.2730603 1.9693544 -0.0380372 -0.6070560 -0.3488772 0.7129663
1311868183.168211 2.0995359 -1.3055987 1.9920158 -0.0266841 -0.6193480 -0.3582371 0.6981132
1311868183.636216 1.9263473 -1.3687738 2.0572264 -0.0421139 -0.6692802 -0.3681444 0.6440188
1311868183.968498 1.7766213 -1.4101732 2.0905256 -0.0465151 -0.6663530 -0.3744483 0.6431162
1311868184.000440 1.7638052 -1.4171098 2.0945654 -0.0403832 -0.6659367 -0.3738158 0.6443285
1311868184.468412 1.5911193 -1.4786057 2.1577811 -0.0289017 -0.6707346 -0.3526607 0.6518514
1311868184.500438 1.5851262 -1.4766033 2.1532588 -0.0238992 -0.6718116 -0.3511967 0.6517352
1311868184.568437 1.5634500 -1.4843202 2.1635838 -0.0238419 -0.6758006 -0.3483116 0.6491565
1311868184.736501 1.5230570 -1.4785094 2.1549945 -0.0091946 -0.6927760 -0.3527580 0.6289186
1311868184.836324 1.5015427 -1.4659061 2.1487112 0.0138910 -0.7019581 -0.3523523 0.6187970
1311868184.900445 1.4936370 -1.4610647 2.1470561 0.0246738 -0.7074054 -0.3519774 0.6124382
1311868185.136538 1.4571569 -1.4382324 2.1371450 0.0646948 -0.7165021 -0.3676685 0.5892870
1311868185.236390 1.4407133 -1.4308727 2.1303668 0.0714894 -0.7209750 -0.3684117 0.5825436
1311868185.368510 1.4182230 -1.4208969 2.1265781 0.0904276 -0.7267710 -0.3611967 0.5772035
1311868185.536414 1.3990428 -1.4139245 2.1230004 0.1135568 -0.7215912 -0.3537481 0.5841859
1311868185.668624 1.3933070 -1.4105213 2.1231353 0.1291394 -0.7223869 -0.3449126 0.5852482
1311868185.868447 1.3921366 -1.4109975 2.1234429 0.1240858 -0.7281468 -0.3258145 0.5901270
1311868186.200391 1.3484819 -1.3722888 2.1229584 0.1447560 -0.7473907 -0.3433237 0.5500741
1311868186.237659 1.3473431 -1.3713007 2.1229815 0.1426978 -0.7503543 -0.3472397 0.5440867
1311868186.636497 1.4033632 -1.4209757 2.1315942 -0.0834694 0.7743195 0.3919816 -0.4897067
1311868186.900515 1.3993008 -1.4127990 2.1342876 -0.0712593 0.7818114 0.3932526 -0.4785869
1311868187.236433 1.4146796 -1.4291672 2.1394613 -0.0665483 0.7686848 0.4082756 -0.4878587
1311868187.300515 1.4153044 -1.4289882 2.1397481 -0.0616039 0.7633625 0.4154571 -0.4907933
1311868187.968459 1.4175823 -1.4304689 2.1427829 -0.0644450 0.7525307 0.4361781 -0.4891758
1311868188.336811 1.4173460 -1.4311540 2.1462595 -0.0544236 0.7582536 0.4706359 -0.4478742
1311868188.368537 1.4173369 -1.4311575 2.1465602 -0.0544199 0.7557901 0.4759851 -0.4463833
1311868189.036870 1.4212732 -1.4324517 2.1484687 0.0257868 0.7385227 0.5127070 -0.4370935
1311868189.704376 1.4260023 -1.4339305 2.1504583 0.0314245 0.7044288 0.5445679 -0.4541347
1311868189.936714 1.4265200 -1.4349492 2.1519182 0.0338438 0.6971843 0.5435237 -0.4662303
1311868190.604416 1.4274948 -1.4383161 2.1560652 0.0295538 0.6924960 0.5352172 -0.4828233
1311868191.270521 1.4277925 -1.4394387 2.1579158 0.0336917 0.6939190 0.5329352 -0.4830335
1311868191.936673 1.4268013 -1.4405023 2.1584380 0.0260158 0.6924139 0.5306559 -0.4881501
1311868192.604784 1.4238799 -1.4403782 2.1568513 -0.0152946 -0.6850894 -0.5265661 0.5031369
1311868193.270506 1.4216912 -1.4401865 2.1550708 0.0162452 0.7122101 0.5254574 -0.4651745
1311868193.938105 1.4195743 -1.4420094 2.1538246 -0.0208073 0.7389919 0.5273280 -0.4187878
1311868194.609529 1.4185956 -1.4435468 2.1529429 -0.0259285 0.7479655 0.5177665 -0.4144795
1311868195.269090 1.4180963 -1.4453667 2.1538212 -0.0289997 0.7590625 0.4992323 -0.4168337
1311868195.936986 1.4185333 -1.4468588 2.1578579 -0.0352445 0.7362326 0.5065406 -0.4473657
1311868196.610073 1.4216411 -1.4475100 2.1599452 0.0171770 0.6998838 0.5130661 -0.4966194
1311868197.269183 1.4217253 -1.4520435 2.1611919 0.0347940 0.6662251 0.5534632 -0.4986101
1311868197.937196 1.4230654 -1.4534974 2.1605206 0.0306428 0.6269146 0.6057836 -0.4889430
1311868198.605102 1.4157126 -1.4572852 2.1596100 0.0529908 0.5925066 0.6553021 -0.4655181
1311868199.269349 1.4136641 -1.4559655 2.1597621 0.0368530 0.6021720 0.6654875 -0.4394965
1311868199.937209 1.4027016 -1.4560157 2.1727893 0.1067940 0.7098662 0.6300532 -0.2961722
1311868200.605204 1.4089117 -1.4536735 2.1841545 0.0430319 0.7730733 0.5643406 -0.2864012
1311868200.773365 1.4084057 -1.4552531 2.1810064 0.0443948 0.7520759 0.5903913 -0.2895670
1311868201.437414 1.4063454 -1.4575253 2.1741834 0.0445784 0.7116064 0.6372131 -0.2925553
1311868202.105342 1.4042938 -1.4541490 2.1875706 0.0472408 0.7813396 0.5658990 -0.2589113
1311868202.773447 1.4062805 -1.4491185 2.1513484 -0.0549977 0.5326090 0.7869751 -0.3065502
1311868203.405460 1.4010564 -1.4573164 2.1820388 0.0133191 0.7889900 0.5775303 -0.2092276
1311868204.037612 1.4006376 -1.4577023 2.1835434 -0.0031012 0.8169327 0.5551332 -0.1563278
1311868204.105511 1.4006041 -1.4579320 2.1832626 -0.0083600 0.8186811 0.5534410 -0.1529523
1311868204.773695 1.3958956 -1.4613230 2.1809711 -0.0164954 0.8165900 0.5663220 -0.1103995
1311868205.437684 1.3934159 -1.4652576 2.1779163 -0.0144870 0.8241768 0.5569503 -0.1016314
1311868206.105664 1.3927196 -1.4676657 2.1753621 -0.0161161 0.8491105 0.5154743 -0.1141837
1311868206.773721 1.3920667 -1.4659715 2.1762009 -0.0369916 0.8485845 0.5148621 -0.1159874
1311868207.437999 1.3885491 -1.4621904 2.1828856 -0.0297751 0.8622734 0.5021039 -0.0590740
1311868208.105716 1.3849266 -1.4588730 2.1881723 -0.0310051 0.8637019 0.4985304 -0.0672696
1311868208.773982 1.3810174 -1.4596977 2.1894517 -0.0213809 0.8366583 0.5449176 -0.0510935
1311868209.441953 1.3787951 -1.4487783 2.1998003 -0.0003326 0.8722163 0.4847596 -0.0651669
1311868210.105867 1.3788873 -1.4474038 2.1975489 -0.0089134 0.8721052 0.4846779 -0.0666363
1311868210.774018 1.3778667 -1.4501411 2.1927671 -0.0114519 0.8413526 0.5385323 -0.0444712
1311868211.442216 1.3733273 -1.4463435 2.1982484 -0.0105485 0.8727282 0.4880310 -0.0077439
1311868212.105906 1.3670192 -1.4418280 2.2043548 0.0167036 0.8948590 0.4459668 0.0078676
1311868212.773943 1.3655428 -1.4479053 2.1977339 -0.0053825 0.8581220 0.5132688 -0.0123641
1311868213.442300 1.3643222 -1.4484119 2.1948724 -0.0185103 0.8574351 0.5142584 0.0008901
1311868214.106187 1.3622334 -1.4457779 2.1957583 -0.0032684 0.8778605 0.4783307 0.0234512
1311868214.774481 1.3632734 -1.4509770 2.1885059 -0.0341424 0.8438019 0.5320643 0.0611565
1311868215.374240 1.3464327 -1.4401443 2.1860752 0.0594766 0.8463223 0.4696909 0.2441138
1311868216.042488 1.3591083 -1.4513364 2.1853223 -0.0468812 0.8524883 0.4864321 0.1856062
1311868216.706576 1.3545520 -1.4538952 2.1768694 -0.0105480 0.8302632 0.5080654 0.2289571
1311868217.242361 1.3536913 -1.4550674 2.1738565 -0.0085353 0.8382845 0.4975859 0.2227431
1311868217.906458 1.3553140 -1.4543623 2.1760228 -0.0251081 0.8589961 0.4685997 0.2047184
1311868218.574422 1.3531694 -1.4528190 2.1746042 0.0064960 0.8482156 0.4795084 0.2248551
1311868219.242632 1.3534665 -1.4398988 2.1757059 0.0189803 0.8666046 0.4209861 0.2672206
1311868219.910641 1.3474723 -1.4443692 2.1795332 0.0416449 0.8286797 0.4715877 0.2985979
1311868220.574495 1.3491954 -1.4476221 2.1720498 0.0053247 0.7330251 0.5901697 0.3381503
1311868221.242676 1.3467617 -1.4445653 2.1765401 0.0058633 0.7379025 0.5822964 0.3411691
1311868221.910793 1.3445131 -1.4441571 2.1761706 0.0140308 0.7379503 0.5837008 0.3384168
1311868222.574664 1.3414633 -1.4422827 2.1725831 0.0232330 0.7218242 0.5898830 0.3612037
1311868223.242696 1.3404062 -1.4411124 2.1740997 0.0158299 0.7275078 0.5667642 0.3863420
1311868223.910906 1.3395452 -1.4405096 2.1724966 0.0273805 0.7225651 0.5675013 0.3938176
1311868224.574703 1.3352302 -1.4387275 2.1700130 0.0355174 0.7144086 0.5451664 0.4372099
1311868225.242896 1.3315445 -1.4373851 2.1713033 0.0341177 0.7321367 0.5167746 0.4424431
1311868225.910765 1.3210027 -1.4267129 2.1693027 0.1126648 0.7052623 0.4601374 0.5274327
1311868226.576612 1.3190806 -1.4235893 2.1699238 0.1286978 0.7210286 0.4434793 0.5166050
1311868227.247413 1.3279796 -1.4343069 2.1599159 0.0331470 0.6966561 0.5240687 0.4887980
1311868227.912471 1.3279032 -1.4332777 2.1560602 0.0377711 0.6680251 0.5090269 0.5414862
1311868228.579592 1.3300612 -1.4230554 2.1363041 0.0612613 0.5069127 0.5408329 0.6684208
1311868229.249047 1.3299838 -1.4215298 2.1314197 0.0577561 0.4947447 0.5504907 0.6699641
1311868229.914462 1.3281060 -1.4322968 2.1455550 0.0097199 0.6210230 0.5045432 0.5997267
1311868229.982424 1.3287637 -1.4326663 2.1451654 0.0068430 0.6214448 0.5054584 0.5985578
1311868230.643420 1.3329902 -1.4332787 2.1410065 0.0167989 0.6228144 0.5372031 0.5685357
1311868230.743239 1.3332839 -1.4334078 2.1402805 0.0280265 0.6276873 0.5274270 0.5718777
1311868230.783163 1.3332574 -1.4333261 2.1401060 0.0285304 0.6293491 0.5228518 0.5742229
1311868230.812536 1.3333312 -1.4333535 2.1399436 0.0265261 0.6310239 0.5203444 0.5747581
1311868230.843194 1.3334522 -1.4334314 2.1397774 0.0231545 0.6321849 0.5190939 0.5747587
1311868230.884514 1.3334451 -1.4335135 2.1396439 0.0188450 0.6317440 0.5197678 0.5747921
1311868230.912835 1.3336312 -1.4333873 2.1394069 0.0136916 0.6300796 0.5196936 0.5768283
1311868231.083967 1.3344864 -1.4332285 2.1380689 0.0033120 0.6357308 0.5075004 0.5816174
1311868231.115505 1.3345276 -1.4333202 2.1377571 0.0036560 0.6375387 0.5060797 0.5808738
1311868231.180564 1.3345501 -1.4334342 2.1374927 -0.0078340 0.6358693 0.5028458 0.5854528
1311868231.215427 1.3347135 -1.4333843 2.1371944 -0.0133769 0.6331038 0.5044811 0.5869408
1311868231.284432 1.3349539 -1.4334953 2.1369021 -0.0240548 0.6304206 0.5091365 0.5854667
1311868231.883453 1.3384731 -1.4348127 2.1347575 -0.0575862 0.6185595 0.5209991 0.5853443
1311868231.943245 1.3388914 -1.4349147 2.1346269 -0.0578298 0.6166292 0.5200198 0.5882207
1311868232.482622 1.3418387 -1.4365951 2.1336732 -0.0664047 0.6153991 0.5251785 0.5840051
1311868232.511307 1.3419946 -1.4367417 2.1335928 -0.0671294 0.6173641 0.5248796 0.5821140
1311868232.543326 1.3421805 -1.4369072 2.1335621 -0.0678058 0.6191745 0.5255558 0.5794967
1311868233.211366 1.3435533 -1.4385073 2.1334574 -0.0497867 0.6274284 0.5035281 0.5918735
1311868233.879475 1.3407139 -1.4363533 2.1329951 -0.0316992 0.6120095 0.4901145 0.6198607
1311868234.543567 1.3356576 -1.4342613 2.1313519 -0.0334953 0.6124306 0.4453505 0.6522804
1311868235.211489 1.3309884 -1.4313157 2.1304922 -0.0373383 0.6012683 0.4488583 0.6600065
1311868235.879619 1.3288193 -1.4278171 2.1292512 -0.0264269 0.6129107 0.4445962 0.6526686
1311868236.543672 1.3285046 -1.4244382 2.1278200 -0.0228683 0.5845707 0.4400406 0.6812623
1311868236.811656 1.3282967 -1.4231123 2.1273062 -0.0023658 0.5759974 0.4308798 0.6946683
1311868237.479718 1.3271606 -1.4195625 2.1254342 0.0169382 0.5436363 0.4230433 0.7247116
1311868237.647688 1.3267100 -1.4185591 2.1243098 0.0057158 0.5348509 0.4078488 0.7399738
1311868238.011682 1.3253686 -1.4164327 2.1218336 0.0032316 0.5089014 0.3971947 0.7637050
1311868238.447579 1.3248322 -1.4138937 2.1194196 0.0054356 0.4897527 0.3970652 0.7761778
1311868238.911768 1.3256509 -1.4102070 2.1164670 0.0126232 0.4685913 0.4094191 0.7827125
1311868239.579832 1.3270118 -1.4099717 2.1168072 0.0071391 0.4511226 0.3962017 0.7996635
1311868240.247823 1.3275065 -1.4070822 2.1137602 -0.0038776 0.4006446 0.3683608 0.8389155
1311868240.911960 1.3254540 -1.4028077 2.1104341 -0.0128031 0.3874553 0.3449867 0.8548091
1311868241.579911 1.3308551 -1.4068378 2.1081719 -0.0299645 0.3772174 0.3776114 0.8451146
1311868242.247919 1.3323755 -1.4094789 2.1067996 -0.0340941 0.3717385 0.3302928 0.8669226
1311868242.312146 1.3324902 -1.4096284 2.1065569 -0.0348680 0.3670786 0.3277612 0.8698334
1311868242.980064 1.3335934 -1.4090810 2.1053743 -0.0171794 0.3582599 0.3071311 0.8814903
1311868243.648052 1.3339627 -1.4080592 2.1029394 -0.0147463 0.3380495 0.2833256 0.8973470
1311868244.312192 1.3343661 -1.4060463 2.0995829 -0.0401246 0.2786645 0.2465311 0.9273395
1311868244.980073 1.3358015 -1.4003289 2.0971591 -0.0390909 0.2813553 0.2509827 0.9253749
1311868245.648241 1.3382415 -1.3978521 2.0961738 -0.0199247 0.2638088 0.2330064 0.9357970
1311868246.316184 1.3402526 -1.3947177 2.0938511 -0.0478587 0.2308430 0.2417952 0.9412525
1311868246.980258 1.3404576 -1.3888918 2.0893559 -0.0432509 0.2265526 0.2349317 0.9442512
1311868247.648229 1.3426354 -1.3898739 2.0892696 -0.0353251 0.2357313 0.2395888 0.9411590
1311868248.316226 1.3468075 -1.3945192 2.0912194 -0.0463682 0.2339588 0.2384193 0.9414189
1311868248.980371 1.3522089 -1.3951805 2.0907967 -0.0711127 0.1970077 0.2040257 0.9562973
1311868249.248249 1.3545598 -1.3946736 2.0901597 -0.0690839 0.2033551 0.2026143 0.9554169
1311868249.316586 1.3549167 -1.3944843 2.0901294 -0.0643319 0.2025047 0.2020081 0.9560575
1311868249.980348 1.3576372 -1.3980353 2.0921280 -0.0478275 0.2275447 0.2007946 0.9516394
1311868250.416431 1.3594552 -1.4008007 2.0933712 -0.0344297 0.2260255 0.1976234 0.9532429
1311868250.448319 1.3595282 -1.4009744 2.0934327 -0.0335200 0.2264835 0.1972426 0.9532455
1311868251.116502 1.3604180 -1.4031522 2.0940571 -0.0114902 0.2112176 0.1768167 0.9612445
1311868251.780606 1.3617284 -1.4004588 2.0919483 -0.0166997 0.2093035 0.1666957 0.9633928
1311868252.448807 1.3650324 -1.3965707 2.0873606 -0.0209922 0.1870141 0.1229814 0.9744027
1311868253.116735 1.3685522 -1.3925306 2.0846586 -0.0369390 0.1657568 0.1434651 0.9749759
1311868253.780775 1.3732347 -1.3908842 2.0837963 -0.0396512 0.1607195 0.1493622 0.9748271
1311868254.448907 1.3778398 -1.3886359 2.0824246 -0.0495891 0.1105094 0.1202295 0.9853291
1311868255.116728 1.3826122 -1.3856938 2.0803711 -0.0769618 0.0508521 0.0950727 0.9911873
1311868255.784952 1.3862207 -1.3845410 2.0798461 -0.0758526 0.0309402 0.0914152 0.9924376
1311868256.448918 1.3921847 -1.3856177 2.0809369 -0.0725074 0.0123426 0.0687390 0.9949197
1311868257.116964 1.3971782 -1.3880448 2.0815549 -0.0632845 -0.0301140 0.0409791 0.9966990
1311868257.785459 1.4000406 -1.3898177 2.0808361 -0.0619963 -0.0630527 -0.0197426 0.9958871
1311868258.449148 1.4016120 -1.3937521 2.0827303 -0.0856294 -0.0976855 -0.0661674 0.9893165
1311868258.885648 1.4026225 -1.3968642 2.0840738 -0.0609235 -0.1081819 -0.0600828 0.9904419
1311868259.017026 1.4030443 -1.3976984 2.0846186 -0.0558661 -0.1132363 -0.0694992 0.9895586
1311868259.685014 1.4065975 -1.4000510 2.0872440 -0.0259419 -0.1320430 -0.1274323 0.9826763
1311868260.349210 1.4077058 -1.3996952 2.0878291 -0.0323437 -0.1466785 -0.1182923 0.9815530
1311868261.017109 1.4057689 -1.3992440 2.0878129 -0.0369045 -0.1663596 -0.1221387 0.9777754
1311868261.685195 1.4054208 -1.3993076 2.0877485 -0.0387341 -0.1704654 -0.1283648 0.9761986
1311868262.351121 1.4053185 -1.3992310 2.0878084 -0.0425055 -0.1696623 -0.1300043 0.9759646
1311868263.020693 1.4053583 -1.3993149 2.0877621 -0.0424881 -0.1697854 -0.1255600 0.9765257
