330.547570317704	713.30959966228
361.300496601522	107.999930663917
444.537380364113	417.76961941733
69.8395450798106	860.736076068152
508.601026555611	117.556389222326
345.549344477166	328.39520266742
366.416997863433	778.276830066068
394.91222225089	136.80728673725
2.77252181036996	648.379038743395
65.866240185508	911.900761903268
460.707774403367	534.395855994069
243.561325226904	617.42109177803
144.846642837599	129.490424910545
205.98735665959	375.53896542255
51.1143238627261	545.739993510587
220.504237259708	417.137668032051
414.398040468314	397.806056272182
244.866064375768	856.998541024007
493.696409958663	916.107068675105
280.883389022396	320.695398339387
162.193132618732	158.418560184249
152.756088136848	812.123096335534
484.256069665509	58.7068073900317
410.520210127243	883.13108925755
355.023872596357	811.829620192521
440.042126876926	120.825891061615
268.414803162438	478.148197717263
325.384804236094	458.517983124796
446.324316102858	238.687812698717
365.092842241775	715.136099327794
127.982664772413	770.382616142036
177.956372471926	822.731261021363
203.920961800271	612.324163216259
145.864429562757	700.122841336856
492.873352699254	403.646324935864
237.46527512073	174.694909249489
427.156957930921	240.452379055939
266.935215641329	243.471448907314
73.0472799200166	447.954303879935
412.600926106335	155.68442312882
303.134011856454	484.402611320295
386.356085986503	446.976541409189
338.843110546574	192.153541604346
134.655326202003	823.074617781784
449.207134828158	443.029901570861
502.436876821652	476.69176941293
347.024660093969	479.669858723045
437.089582897412	54.925591087633
273.446235039565	285.158318200365
52.8676785314351	266.979339373322
370.091548942944	420.84053365288
441.509982446042	336.452019703137
66.5545908391854	960.934665522894
397.649594116995	605.221905465627
393.967569717238	41.6897082253562
406.399459745706	2.71139997370407
326.931539187047	181.687188315446
446.076109470377	287.373880986772
60.7901638959422	818.550805611879
414.774525067411	159.197158690866
301.879862591796	253.548200031323
206.989992879511	889.86305125325
271.747759005965	757.16871737803
481.600125377721	116.42503698548
413.094384216159	661.944035457578
370.145896989428	440.336949119838
240.264904375763	263.140531773209
364.987608144922	375.591623537342
280.086932125872	189.584409161881
407.310533732498	513.247853190427
21.1312891936641	301.985882904633
199.685227426242	512.134212784667
486.946192696807	202.373741356906
40.6691302664961	194.250192812142
182.115737035508	708.320234803648
479.52564154369	399.109498106122
209.957137552934	250.969257061951
408.83833431318	49.4598896545523
232.683579112063	377.123734391533
504.33942534991	144.418780858464
216.251408168811	133.799396112836
109.640211229549	790.383311942746
182.946443614302	668.181678359828
270.04730066918	867.058910300322
121.157564679656	334.86462929674
490.055906676235	608.624345247741
421.997214277538	591.781593977332
4.62196120967345	764.78084075863
152.430637410647	627.034330265892
1.44520110563696	137.479482300863
12.3014086878661	892.560575904069
142.561610024174	327.414878798468
171.654641145798	353.250902537889
424.652297118167	726.3107663552
466.700341102045	248.764736296082
467.031996626928	138.674947418129
339.334508959556	85.704786225054
213.022886281089	717.701516295156
8.34329341191036	746.735062759885
163.853702340364	278.49080556611
66.7890915464904	909.791747249103
40.0821834667739	382.885045177198
156.225433471719	24.7949328120929
35.1705187319271	0.624354111479051
400.932541493236	580.336643490673
27.9794577602724	60.6295565834799
445.934056137453	650.953619347992
85.1215377215705	495.417441998832
424.932888281939	195.874495823426
410.737264072143	725.695588654514
331.477746977222	940.365776121778
281.20381901744	225.315379296097
289.026901930249	125.431555176619
154.99262076065	692.224714284954
307.805029772743	236.580573870905
105.940951382047	423.005585182262
519.244723727452	498.558413460379
397.138734015296	338.785622167194
221.771391551544	541.721101833717
321.521182278082	111.886148596453
459.715571547957	86.3036164678113
17.3416158768302	147.376761881951
303.305005731091	132.138357119189
298.696475247937	47.5037322182608
293.350344471812	540.223534816213
179.072208110489	743.45402065509
183.565866897482	241.014690814198
34.0445268554499	150.358530596943
49.2083724396723	283.378870942663
226.901655863487	676.549099650033
42.8542832587129	75.89614702857
5.26639732211755	371.003143052969
92.0364724980782	239.006732553248
364.74711700251	606.592267074871
285.249267452349	809.395333727158
352.402796937555	907.793095083454
126.830769157477	936.515805294095
461.222188385531	817.020926402152
130.332944829568	743.256162175498
237.513894646436	219.071216419441
106.438530135419	10.8265735966452
485.051833670783	280.873968167165
467.940500523419	167.678544469618
109.05204444287	6.10904740466105
171.187853427674	917.798593653643
312.670944694182	285.642949223911
406.632004982585	133.641489098293
307.949486529554	812.896506633043
516.675820181783	270.329666460238
95.9983805138464	828.338457354406
63.9280081808729	529.221616653017
48.103725548211	686.599618668138
289.394870786354	435.988392889585
415.678252513597	666.328362812859
110.119257728779	195.114224561515
247.775467977439	609.703771898999
489.448618664773	774.683302661074
153.719225278167	232.682724345658
103.22548274853	266.375401254301
177.399562664179	316.860722293066
516.178065678462	581.371333525528
421.780599280192	126.025718182453
421.798809154366	116.84402497932
392.603252194222	847.195316698081
399.539671506825	840.071556633887
218.187191984456	170.532911116157
227.095933795433	474.701041548813
470.543573874235	597.075212859832
512.148855619773	501.783590721306
507.310876633513	559.744300435763
66.1214014728801	263.13711770824
233.48981034202	419.803095693019
102.295202311928	347.597541672635
189.868577567883	201.752464832751
390.192196965908	289.92107791841
151.271009203339	793.535472869539
330.777842537529	416.452365639213
279.99380411158	782.332916112772
397.050941909711	583.95751431856
219.55263762481	729.630661512038
112.347838134724	65.4084131215203
80.9358495851745	492.63633193162
315.902000774371	454.644283577999
241.059384492159	15.0130084768808
290.716506534441	957.309447078552
441.270426871416	216.470383990922
347.422378678479	702.556081245996
44.1340051960507	531.740808896424
221.611467100443	98.0505365837702
281.051412084812	761.412220012347
211.28730303317	261.784007009666
250.942651420046	329.074271982931
276.029826667685	845.983915522099
59.3129631986356	423.755724062741
199.306877395662	685.259541172593
10.7098329548622	461.272954862157
443.984902875759	942.607755931725
266.121720036721	174.698002547026
35.5078523621059	111.203235358943
421.273673299684	373.400153220111
322.074134216763	413.685420399975
39.0292628284947	252.192798510962
110.831895053664	167.930692587256
439.797847983484	748.221075148609
23.9186882116738	960.6164984214
330.222140387316	557.20115161349
486.340267075458	207.627907897712
282.621287402395	395.291510229306
374.877935963217	328.618373865399
170.063180835726	250.070775000446
322.078848610763	606.893716247227
314.199061750268	179.60130190082
462.71844674325	344.550077737537
414.109684964291	121.93201839373
234.266564431492	158.736278867356
88.0112891876757	245.914211457055
324.66521070769	2.37307293923854
179.139015132271	753.883399718509
367.428410913183	755.20220436905
351.115862521468	280.953144999279
25.8134710726331	712.602696345449
246.822688306042	519.462916939233
67.7133315805293	278.426796701868
30.9382373160464	358.041843337626
330.104927027253	111.9112432866
58.0936686340759	839.042074519837
302.473535759783	698.021185526781
407.348253260231	204.240659053326
289.146633954385	118.848040652175
398.970961439591	445.446300557732
84.1551799112521	102.509734263063
64.6518295453496	139.672757938518
300.026807713165	171.853299857356
243.876159115906	725.881343478715
101.116467759543	947.646936422429
120.775477446909	21.0880579025802
394.920424355962	174.599572139655
115.541760750932	818.887491664546
13.4809747443299	323.240816529032
351.603455393379	350.935389524048
441.208976342206	80.5745510261939
25.5975136378032	699.306579293533
359.996724747214	238.688643845893
420.340674221872	534.074199825379
89.7716554261793	303.891201332434
260.397161820457	80.3920962888799
433.538721494079	647.513517047199
32.2823207849337	744.073824478884
435.575236565033	444.611573035768
275.202876518396	5.5820704720843
118.116173011498	431.617534451836
511.366587541315	338.234053446988
146.855344277287	304.589555432001
342.388886524071	252.037662593103
138.255478618998	30.6772336858248
411.244073729186	389.104120100338
441.280325558903	13.8297424393784
367.990872899052	623.907103504671
126.524314758459	794.517239093261
326.874273421972	633.899298062817
319.256247320532	157.789189808055
270.304545193106	377.9217328088
496.310977547644	253.41325915459
467.118841711675	181.915282909075
504.819699683193	958.319439205638
515.248045368873	761.274478383403
198.484249779809	115.137230664433
50.088948242992	482.954250296449
466.474890146366	405.935665085803
444.833221556306	402.671836311066
164.761623718808	909.522503762891
329.109444474353	571.575276123877
10.9163929875432	318.305501923886
310.695220764204	513.166284029425
