1305031102.175304 -0.0000000 -0.0000000 -0.0000000 0.0000000 0.0000000 0.0000000 1.0000000
1305031102.243211 -0.0041116 0.0127371 0.0354213 -0.0079564 -0.0059615 -0.0012446 0.9999498
1305031102.911185 -0.0160177 0.0692457 0.3956977 -0.0430574 -0.0057765 -0.0050805 0.9990430
1305031103.575474 -0.0297184 0.0830567 0.5064173 -0.0701052 -0.0472447 0.0097036 0.9963729
1305031104.243196 0.0068947 -0.0442936 0.1228869 -0.0295870 -0.0420026 -0.0142481 0.9985777
1305031104.711277 0.0271742 -0.0867353 -0.0851068 0.0371124 -0.0019198 -0.0032306 0.9993041
1305031105.375338 -0.0184738 -0.0258758 0.0660550 -0.0024520 -0.0097941 -0.0071226 0.9999236
1305031106.043355 -0.0078479 0.0518518 0.4749865 -0.0416591 0.0051413 0.0118214 0.9990487
1305031106.711508 -0.0326477 0.0477645 0.4693733 -0.0843140 -0.0171600 0.0012452 0.9962907
1305031107.343509 -0.0009749 -0.0559679 0.0648093 -0.0133083 -0.0164163 -0.0266512 0.9994214
1305031108.011320 0.0759419 -0.0307603 0.0543981 0.0039896 0.0193191 -0.0245928 0.9995029
1305031108.511378 0.3643017 -0.0279002 0.1355410 -0.0241919 0.0375694 0.0203737 0.9987934
1305031108.543737 0.3865154 -0.0296320 0.1421202 -0.0202122 0.0432287 0.0194054 0.9986722
1305031108.575414 0.4064178 -0.0163077 0.1413812 -0.0139637 0.0471852 0.0178532 0.9986290
1305031108.611407 0.4235395 -0.0143203 0.1490707 -0.0139630 0.0531873 0.0186517 0.9983127
1305031108.643303 0.4394051 -0.0058328 0.1551059 -0.0124348 0.0584373 0.0204238 0.9980047
1305031108.675375 0.4644262 0.0027322 0.1585636 -0.0138372 0.0616949 0.0235423 0.9977214
1305031109.343248 0.3073556 -0.0071928 0.1004793 -0.0322249 0.0295080 0.0436742 0.9980898
1305031109.975258 -0.0840117 0.0313555 0.0906981 -0.0596977 -0.0172894 0.0024864 0.9980637
1305031110.443260 -0.3453287 0.0520149 0.1112873 -0.0737725 -0.0596899 -0.0418058 0.9946090
1305031111.111508 -0.3955276 0.0647793 0.1267609 -0.0950820 -0.0986863 -0.0670298 0.9882952
1305031111.679320 -0.0564408 0.0412295 0.1524027 -0.0589408 -0.0544103 -0.0257369 0.9964452
1305031111.879442 0.0543598 0.0347379 0.1451939 -0.0464785 0.0140103 -0.0097010 0.9987739
1305031112.311312 0.3283119 -0.0258896 0.1560500 -0.0315650 0.0795349 -0.0174132 0.9961801
1305031112.979278 0.4630865 0.0106424 0.1864445 -0.0294361 0.0606242 0.0496151 0.9964921
1305031113.479311 0.1278122 -0.0005036 0.1187926 -0.0346705 -0.0023211 0.0275071 0.9990175
1305031114.143284 -0.3109218 0.0084496 0.1358777 -0.0229241 -0.0200347 -0.0432318 0.9986011
1305031114.711306 -0.5449185 0.0164443 0.1715426 -0.0366172 -0.0852777 -0.0630831 0.9936838
1305031115.379166 -0.2527723 0.0463609 0.2183269 -0.0445417 -0.0541562 -0.0442516 0.9965566
1305031115.743250 0.0492437 0.0341173 0.2561987 -0.0564040 -0.0236636 0.0253193 0.9978064
1305031115.980740 0.2055506 0.0359107 0.2465824 -0.0563733 0.0247598 0.0734703 0.9953949
1305031116.211299 0.3047523 0.0286686 0.2756307 -0.0889004 0.0909487 0.0961699 0.9872063
1305031116.243320 0.3050822 0.0299387 0.2821718 -0.0902006 0.1015072 0.0991259 0.9857658
1305031116.411333 0.3782774 -0.0030319 0.2764937 -0.0968074 0.1227792 0.1145414 0.9810371
1305031116.779298 0.2795047 0.0103894 0.2266323 -0.0910529 0.0782616 0.0588152 0.9910223
1305031117.143218 -0.0320927 0.0779220 0.1934365 -0.0775270 -0.0163033 -0.0064708 0.9968359
1305031117.811320 -0.0753689 -0.0680248 0.2553434 -0.0817526 -0.0594903 -0.0078743 0.9948444
1305031118.479285 -0.0799593 -0.3301911 0.3813276 -0.0563103 -0.0378471 -0.0094645 0.9976508
1305031119.147616 -0.0875814 -0.0476187 0.2495317 -0.0582683 -0.0406526 -0.0313714 0.9969794
1305031119.814537 -0.0927405 0.2755546 0.1508050 -0.0722083 -0.0373256 -0.0080753 0.9966582
1305031120.479432 -0.0874698 0.2217196 0.1698858 -0.0693711 -0.0309734 -0.0006866 0.9971098
1305031121.147331 -0.0816444 -0.0667127 0.2762043 -0.0310513 -0.0577076 -0.0034651 0.9978445
1305031121.811540 -0.0769375 -0.3279589 0.3630320 -0.0255933 -0.0455403 0.0027931 0.9986307
1305031122.483360 -0.1038312 -0.0861898 0.2662730 -0.0496992 -0.0610590 -0.0297533 0.9964520
1305031123.150822 -0.1074858 0.2166342 0.1658243 -0.0691193 -0.0561706 -0.0157288 0.9959016
1305031123.711323 -0.0938472 0.4515665 0.1419460 -0.1202323 -0.0088539 0.0117630 0.9926366
1305031123.851444 -0.0893631 0.4452864 0.1405596 -0.1338928 -0.0090682 0.0187644 0.9907767
1305031124.511324 -0.0776716 0.2109545 0.1927821 -0.0686051 -0.0547507 0.0064547 0.9961195
1305031125.179353 -0.0745418 -0.1309871 0.3264050 -0.0313307 -0.0696440 -0.0034448 0.9970738
1305031125.847412 -0.0829627 -0.1921443 0.3371015 -0.0170006 -0.0444607 -0.0206103 0.9986538
1305031126.511410 -0.0815253 0.1723145 0.2443792 -0.0715041 -0.0500310 -0.0141020 0.9960849
1305031127.179349 -0.0600109 0.2622615 0.2084847 -0.0927468 -0.0410690 0.0127583 0.9947606
1305031127.847366 -0.0642141 0.2054298 0.2437727 -0.0821571 -0.0563814 0.0054931 0.9950081
1305031128.511433 -0.0664814 0.1826320 0.2652026 -0.0854473 -0.0602171 0.0036834 0.9945145
